name: C:\Users\evelyn\AppData\Local\Continuum\anaconda3\envs\deepLearning
channels:
- defaults
dependencies:
- backports=1.0=py35_0
- backports.weakref=1.0rc1=py35_0
- bleach=1.5.0=py35_0
- certifi=2016.2.28=py35_0
- colorama=0.3.9=py35_0
- cycler=0.10.0=py35hcc71164_0
- decorator=4.1.2=py35_0
- entrypoints=0.2.3=py35_0
- freetype=2.8=h51f8f2c_1
- h5py=2.7.1=py35hb2c3add_0
- hdf5=1.10.1=h98b8871_1
- html5lib=0.9999999=py35_0
- icc_rt=2017.0.4=h97af966_0
- icu=57.1=vc14_0
- intel-openmp=2018.0.0=hd92c6cd_8
- ipykernel=4.6.1=py35_0
- ipython=6.1.0=py35_0
- ipython_genutils=0.2.0=py35_0
- ipywidgets=7.0.5=py35h49ade1d_0
- jedi=0.10.2=py35_2
- jinja2=2.9.6=py35_0
- jpeg=9b=vc14_0
- jsonschema=2.6.0=py35_0
- jupyter=1.0.0=py35_3
- jupyter_client=5.1.0=py35_0
- jupyter_console=5.2.0=py35_0
- jupyter_core=4.3.0=py35_0
- keras=2.0.8=py35h15001cb_0
- libpng=1.6.32=h140d38e_4
- libprotobuf=3.2.0=vc14_0
- markdown=2.6.9=py35_0
- markupsafe=1.0=py35_0
- matplotlib=2.1.0=py35hea29350_0
- mistune=0.7.4=py35_0
- mkl=2018.0.1=h2108138_4
- nbconvert=5.2.1=py35_0
- nbformat=4.4.0=py35_0
- nltk=3.2.5=py35hbbcff45_0
- notebook=5.2.2=py35h2b96da0_0
- numpy=1.13.3=py35hb7e80fb_0
- openssl=1.0.2l=vc14_0
- pandas=0.21.0=py35h0510043_1
- pandocfilters=1.4.2=py35_0
- path.py=10.3.1=py35_0
- pickleshare=0.7.4=py35_0
- pip=9.0.1=py35_1
- prompt_toolkit=1.0.15=py35_0
- protobuf=3.2.0=py35_0
- pygments=2.2.0=py35_0
- pyparsing=2.2.0=py35hcabcaab_1
- pyqt=5.6.0=py35_2
- python=3.5.4=0
- python-dateutil=2.6.1=py35_0
- pytz=2017.3=py35hb294b1a_0
- pyyaml=3.12=py35h4bf9689_1
- pyzmq=16.0.2=py35_0
- qt=5.6.2=vc14_6
- qtconsole=4.3.1=py35_0
- scikit-learn=0.19.1=py35h2037775_0
- scipy=1.0.0=py35h75710e8_0
- setuptools=36.4.0=py35_1
- simplegeneric=0.8.1=py35_1
- sip=4.18=py35_0
- six=1.10.0=py35_1
- tensorflow=1.2.1=py35_0
- testpath=0.3.1=py35_0
- tornado=4.5.2=py35_0
- traitlets=4.3.2=py35_0
- vc=14=0
- vs2015_runtime=14.0.25420=0
- wcwidth=0.1.7=py35_0
- werkzeug=0.12.2=py35_0
- wheel=0.29.0=py35_0
- widgetsnbextension=3.0.8=py35hdf37555_0
- win_unicode_console=0.5=py35_0
- wincertstore=0.2=py35_0
- yaml=0.1.7=hc54c509_2
- zlib=1.2.11=vc14_0
- pip:
  - afinn==0.1
  - chardet==3.0.4
  - idna==2.6
  - ipython-genutils==0.2.0
  - jupyter-client==5.1.0
  - jupyter-console==5.2.0
  - jupyter-core==4.3.0
  - keras-tqdm==2.0.1
  - oauthlib==2.0.6
  - olefile==0.44
  - pillow==4.3.0
  - prompt-toolkit==1.0.15
  - pygame==1.9.3
  - requests==2.18.4
  - requests-oauthlib==0.8.0
  - tqdm==4.19.4
  - tweepy==3.5.0
  - urllib3==1.22
  - win-unicode-console==0.5
prefix: C:\Users\evelyn\AppData\Local\Continuum\anaconda3\envs\deepLearning

